# Placeholder marker cho Lá cờ phục dựng
# Chỉ sử dụng cho demo, hãy thay bằng pattern thật trước khi ra mắt.
0.60 0.58 0.56 0.54 0.52 0.50 0.48 0.46 0.44 0.42 0.40 0.38 0.36 0.34 0.32 0.30
0.58 0.20 0.22 0.24 0.26 0.28 0.30 0.32 0.34 0.36 0.38 0.40 0.42 0.44 0.46 0.48
0.56 0.22 0.88 0.86 0.84 0.82 0.80 0.78 0.76 0.74 0.72 0.70 0.68 0.66 0.64 0.62
0.54 0.24 0.86 0.24 0.22 0.20 0.18 0.16 0.14 0.12 0.10 0.12 0.14 0.16 0.18 0.20
0.52 0.26 0.84 0.22 0.82 0.80 0.78 0.76 0.74 0.72 0.70 0.68 0.66 0.64 0.62 0.60
0.50 0.28 0.82 0.20 0.80 0.18 0.16 0.14 0.12 0.14 0.16 0.18 0.20 0.22 0.24 0.26
0.48 0.30 0.80 0.18 0.78 0.16 0.76 0.74 0.72 0.70 0.68 0.66 0.64 0.62 0.60 0.58
0.46 0.32 0.78 0.16 0.76 0.14 0.74 0.12 0.10 0.12 0.14 0.16 0.18 0.20 0.22 0.24
0.44 0.34 0.76 0.14 0.74 0.12 0.72 0.10 0.70 0.72 0.74 0.76 0.78 0.80 0.82 0.84
0.42 0.36 0.74 0.12 0.72 0.10 0.70 0.08 0.68 0.70 0.20 0.18 0.16 0.14 0.12 0.10
0.40 0.38 0.72 0.10 0.70 0.08 0.68 0.06 0.66 0.68 0.18 0.86 0.84 0.82 0.80 0.78
0.38 0.40 0.70 0.12 0.68 0.10 0.66 0.08 0.64 0.66 0.16 0.84 0.24 0.22 0.20 0.18
0.36 0.42 0.68 0.14 0.66 0.12 0.64 0.10 0.62 0.64 0.14 0.82 0.22 0.90 0.88 0.86
0.34 0.44 0.66 0.16 0.64 0.14 0.62 0.12 0.60 0.62 0.12 0.80 0.20 0.88 0.26 0.24
0.32 0.46 0.64 0.18 0.62 0.16 0.60 0.14 0.58 0.60 0.10 0.78 0.18 0.86 0.24 0.92
0.30 0.48 0.62 0.20 0.60 0.18 0.58 0.16 0.56 0.58 0.08 0.76 0.16 0.84 0.22 0.30
