# Placeholder marker cho Nguyễn Đức Ứng
# Dùng cho mục đích demo, vui lòng thay bằng pattern thật khi triển khai.
0.50 0.48 0.45 0.42 0.40 0.38 0.36 0.34 0.32 0.30 0.28 0.26 0.24 0.22 0.20 0.18
0.48 0.80 0.78 0.76 0.74 0.72 0.70 0.68 0.66 0.64 0.62 0.60 0.58 0.56 0.54 0.52
0.45 0.78 0.20 0.18 0.16 0.14 0.12 0.10 0.12 0.14 0.16 0.18 0.20 0.22 0.24 0.26
0.42 0.76 0.18 0.85 0.83 0.81 0.79 0.77 0.75 0.73 0.71 0.69 0.67 0.65 0.63 0.61
0.40 0.74 0.16 0.83 0.15 0.13 0.11 0.09 0.11 0.13 0.15 0.17 0.19 0.21 0.23 0.25
0.38 0.72 0.14 0.81 0.13 0.82 0.80 0.78 0.76 0.74 0.72 0.70 0.68 0.66 0.64 0.62
0.36 0.70 0.12 0.79 0.11 0.80 0.12 0.10 0.12 0.14 0.16 0.18 0.20 0.22 0.24 0.26
0.34 0.68 0.10 0.77 0.09 0.78 0.10 0.79 0.77 0.75 0.73 0.71 0.69 0.67 0.65 0.63
0.32 0.66 0.12 0.75 0.11 0.76 0.12 0.77 0.18 0.16 0.14 0.12 0.14 0.16 0.18 0.20
0.30 0.64 0.14 0.73 0.13 0.74 0.14 0.75 0.16 0.84 0.82 0.80 0.78 0.76 0.74 0.72
0.28 0.62 0.16 0.71 0.15 0.72 0.16 0.73 0.14 0.82 0.20 0.18 0.16 0.14 0.12 0.10
0.26 0.60 0.18 0.69 0.17 0.70 0.18 0.71 0.12 0.80 0.18 0.86 0.84 0.82 0.80 0.78
0.24 0.58 0.20 0.67 0.19 0.68 0.20 0.69 0.14 0.78 0.16 0.84 0.22 0.20 0.18 0.16
0.22 0.56 0.22 0.65 0.21 0.66 0.22 0.67 0.16 0.76 0.14 0.82 0.20 0.88 0.86 0.84
0.20 0.54 0.24 0.63 0.23 0.64 0.24 0.65 0.18 0.74 0.12 0.80 0.18 0.86 0.24 0.22
0.18 0.52 0.26 0.61 0.25 0.62 0.26 0.63 0.20 0.72 0.10 0.78 0.16 0.84 0.22 0.90
